826 459
831 480
838 502
846 523
858 543
874 561
892 576
912 588
935 587
957 579
975 564
991 547
1002 528
1006 504
1004 478
1001 454
996 431
831 436
842 427
857 426
871 428
885 434
912 428
927 417
942 410
959 406
975 411
902 443
905 459
907 475
910 491
898 503
906 504
914 506
921 501
928 497
852 449
859 439
872 439
882 449
872 452
860 453
930 442
939 429
952 427
962 433
955 440
943 442
881 533
891 522
906 517
917 518
930 513
949 514
964 520
954 540
938 551
924 554
912 554
895 548
887 534
908 528
919 527
932 525
959 523
934 537
921 540
910 540
